Quarter_ID,Stock_ID,feature_1,feature_2,feature_3,feature_4,feature_5
1,21,-1.8432557385656367,2.8511416594146826,2.376512511091923,0.018908710597437706,6.0
1,75,-0.252576830653616,4.432416674328785,7.673184506337706,1.1560904468080104,4.0
1,419,-0.9875280460290128,1.6197665376057822,1.6588463022441016,0.011084486735891907,1.0
1,201,1.5480337289030697,2.073356603488449,5.230313540475867,0.244911767352062,1.0
1,236,0.3303903932582113,,6.988058690856858,0.0184510757802141,2.0
1,331,-0.8327973579379742,1.4294938166527222,5.005249447652479,,2.0
1,30,-1.9439386582380354,3.6510834514209645,3.4083459608464124,0.0730784738311252,2.0
1,94,0.5520812502275927,4.667535025984401,4.231718651924566,0.15219323585528377,3.0
1,257,,1.1021200620285168,7.185615282088526,0.03194716122663421,4.0
1,474,,-1.2616871144952873,1.579132173995233,0.30085690956630584,2.0
1,299,-0.7183846869606398,-0.05074684833173215,0.9604445310149368,0.1014220792157079,1.0
1,118,-1.6970680300936465,5.103695887182317,5.76371477164915,0.1578537613729687,
1,497,0.022474953787865015,1.861057499537217,2.306008019302088,,4.0
1,345,1.3440126983386635,3.5270071145738724,2.3011712282659493,0.2836256875921894,
1,34,-1.7790010642638148,2.8531888846237363,1.929914474568418,,2.0
1,92,1.4320769919652752,3.661159971519392,,0.1691295666023278,1.0
1,346,-0.9316823594815715,2.561362467155915,2.437752679114366,,5.0
1,284,1.410140774638457,5.910245199315067,2.2710324184107185,2.2911921195369502,2.0
1,320,1.3824627630329291,1.247645795054866,0.8912152253081855,1.819301643468421,2.0
1,211,,0.9314760507339352,1.7010491461607624,,
1,229,0.8787362647097865,,4.934274397630069,0.16157985469388203,8.0
1,3,-1.983110255878762,2.087020058130958,,0.48221937434631346,4.0
1,384,-0.10631595668144644,2.181493045808911,2.872168645048883,0.18241591085398356,1.0
1,83,0.5404366181348799,3.0514305354520164,6.333586639732825,0.11633540302942014,
1,142,-1.5247271889667218,4.025118729056076,4.622848768733537,0.006859146667099081,5.0
1,412,0.8835532038523262,1.9692964688295405,1.805358699537925,0.25588732897112143,5.0
1,464,1.3163133841908183,2.2984265057831603,1.9690516415594506,0.3081235820773396,2.0
1,317,-0.869703638977465,1.5295701470892322,4.053654976104174,0.03013417272017982,5.0
1,11,1.6498448244908648,-0.10268605713317713,6.070973790784177,0.23706363428391564,5.0
1,130,-1.1575467681705858,2.435792965927903,1.387149205360929,0.846332007852493,1.0
1,290,1.0758319229716187,5.137528826884525,1.831485355308585,,2.0
1,494,-1.6746829927801148,1.6289233462226227,,0.46855472749378446,
1,263,1.7237975598053707,3.9781050297164766,3.6966069887552755,0.12285235662355998,1.0
1,212,1.019225364768546,-3.0661608052484564,4.1465619084781595,0.9261352815069783,2.0
1,371,1.9527446600808016,2.4140119750871607,0.8963708189655495,0.31539968458247536,3.0
1,131,0.5417065612409244,,1.6677518982471289,0.013225135602728866,3.0
1,338,-1.1323709321556317,4.704520467275273,1.676794468114156,0.15981680759867722,
1,311,-0.8029917190637454,2.0084520505691654,3.641891162178844,0.07599325879534802,4.0
1,71,1.845312339939324,7.145594583725047,3.4993691062222965,0.34254076685806334,
1,252,0.07661152799025439,5.090538608917093,4.200703736379408,0.09669643100877856,2.0
1,382,1.498158352723642,1.8973002399496608,4.50294327322492,,2.0
1,421,-1.8155307261052753,0.7869656171953738,1.426639704641763,0.013112909276346452,3.0
1,126,,4.4671335129397445,1.4580190721009871,0.20926188976513216,2.0
1,470,-1.4453897128492268,2.2281412319135137,3.088028805620893,0.2225791157841055,3.0
1,195,,3.579693184447266,0.6773138320708976,0.4941943114852061,4.0
1,4,-0.38035125032734296,3.202409206288071,4.553378200461269,0.6607656184931634,1.0
1,96,-0.13181411024601175,1.003577797122784,5.7367608831319234,0.1268818183944429,
1,271,-1.567360302503975,2.322322295175011,8.08905063012304,0.9847078754475189,6.0
1,39,-0.2904115728272072,5.655500202290897,5.438892688056191,0.4581740623463568,5.0
1,152,-1.4101475259642804,,1.1232933793719886,0.25553938834547174,6.0
1,318,0.6942380095026506,3.1879577040804223,3.8077973096589623,0.04458758196746948,2.0
1,319,-0.14518342305510146,4.6577817257225025,2.553019075487319,0.15439361835369847,4.0
1,253,1.6644434518933209,1.4701157092557235,2.4357658849828945,0.11769630031555689,6.0
1,411,,0.723471515959826,3.1433939518346854,0.03464375097138572,2.0
1,214,-1.1463072080182402,-0.2457094096785699,6.54033549977356,0.034625523908558664,0.0
1,471,1.2835537998732462,1.4586315262241272,7.882853808736034,0.045212321543876444,
1,12,,2.4968087956818064,5.479793509136708,0.6050331953058794,2.0
1,176,0.050076453014696654,2.7315187621352446,3.671532148044758,0.008489121723510573,4.0
1,332,1.0495045533435436,2.238742477155177,,0.38298451359192054,1.0
1,246,0.296493575157891,2.7578263245769623,,0.2720618810200517,3.0
1,500,0.5718919402272191,2.043752849213118,8.245204481549804,0.35083550785331896,3.0
1,113,-1.5966408547196145,0.9130435721498418,4.045834282354395,0.17864037607345717,2.0
1,435,0.5998587257663988,,,0.6476413384573441,7.0
1,459,1.1536152965539332,3.255796529140029,0.8937516121559523,0.011611139164694695,
1,24,1.4354263886343697,,5.595824767440736,0.013057562656888733,3.0
1,185,1.175058025838358,2.5216771241310028,,,6.0
1,45,-1.097521545370471,0.5984530242751496,2.2122171196285816,0.10596141987728469,1.0
1,53,1.8743365022775227,6.88764575900219,,0.3407383228597889,0.0
1,279,0.6872786559264807,1.1330577634480132,0.7136507266690673,0.3220281427692002,3.0
1,120,0.15519281938211815,3.061699660400674,4.187984482786517,0.1544705941694433,0.0
1,128,0.013623846162952535,3.089284834270883,2.2857976472109214,0.3130655461952283,7.0
1,467,-1.5560365854674485,0.8294847039307456,1.5189380584287804,0.13266334586169548,2.0
1,61,-0.5217316935324918,2.7631537266702764,1.7022958238271184,0.0308685663826036,3.0
1,72,-0.3085092892455572,4.1864548396888335,0.7417770932865838,0.3812890490796226,1.0
1,112,0.5496046421624685,3.4923494227662197,4.081761125153279,0.24092807859071308,4.0
1,149,1.9603002774890412,3.2019948546386128,13.170507695464694,0.06921773126966602,1.0
1,56,-1.9217446096321398,2.2700466951123075,3.336218433988983,0.14450391308813226,1.0
1,496,-0.5575264983317783,1.4376025869794307,1.6108054589370073,0.07633233101908354,7.0
1,76,-1.3504959263069085,3.6168578298483034,,0.08321016751620891,6.0
1,28,0.1565823528751067,4.07715094036338,2.461935595185027,0.8243615170701106,3.0
1,38,1.5259263367109779,4.766385764201156,5.4397243228273995,0.3579508780415219,0.0
1,141,-1.0530020553866737,5.157758802412264,6.92431649860108,0.129273614145603,3.0
1,436,-0.19737865985796432,3.2347147226426993,,0.16208847282337113,4.0
1,173,1.9219234472614088,-0.17088482045985876,4.2183660563595495,0.13281473825220425,1.0
1,206,-1.7442568954225295,3.532056724581303,1.0177063386417013,0.018693862141134554,3.0
1,278,-1.0204027522848325,2.171028519663207,5.735148129517878,0.00015151059366425024,4.0
1,64,0.7923502569091108,2.105731319524596,,0.05256812962169066,3.0
1,49,-0.48667611004936884,6.369815484831934,2.5800383758865597,,2.0
1,134,0.3837340815315149,1.6029478476625052,3.8217410661916627,0.005936005697784186,
1,288,-0.8677906957789441,3.7003569126931413,10.026302392158003,0.15551294341815303,3.0
1,361,1.5572827060475527,5.340044924756431,1.0327884748103826,,3.0
1,418,1.8279588980966555,6.762369169570825,5.297814611793904,1.74379733772737,3.0
1,425,0.6486658582707121,5.272293517473422,1.1019618034591692,0.22197513017959247,3.0
1,67,-0.44767729507804876,5.705588045441358,3.3338388510333705,0.31153434441971295,3.0
1,80,-1.275972569534003,3.3081430997450183,5.91897380350932,0.016444462510830427,
1,376,0.21567526517408764,4.923874238347079,0.7896593825473432,0.018396327719862215,1.0
1,228,-1.5088421529767704,3.275366292794797,2.6173253666939846,0.1889117361025181,2.0
1,326,1.232763008110585,1.9033684961203483,4.536663687247557,0.31691887238434724,2.0
1,54,-0.04454382474747298,,0.7812439906934137,0.47180915326569095,3.0
1,90,-0.8057618263572488,0.9329875566821864,1.4682714218919413,,
2,102,,-0.49844684050103627,7.928897703445683,0.021653133936910818,4.0
2,308,1.8158216194324202,9.399957394598662,2.319571978662433,0.3682172599635496,6.0
2,114,-1.068756250336294,0.5995580453494478,8.488029475354393,0.29074912015902843,4.0
2,270,-1.5337857116269613,4.3379584875770405,1.134480435707452,0.6956061969412113,1.0
2,130,,1.9964121644977573,2.148181124228805,0.35520903722631414,1.0
2,67,,,8.046273619098258,0.8732198239979163,3.0
2,423,-0.3148540851043613,5.09206350340137,0.5568856953099512,0.16539637089652004,4.0
2,288,0.4592687252134491,3.7066930027457334,4.534509240412244,0.12086218026474893,5.0
2,303,-0.6531476132303164,1.3578852330012492,2.752824716701156,0.4229563057064263,3.0
2,42,-1.4184223178940276,4.203457244649805,0.7284977652532408,1.3849197945869025,1.0
2,40,-1.2236346662652124,1.705974400886859,0.4274173604740336,1.4810320644652624,1.0
2,228,,2.626078534349455,6.787324750688395,0.27640599423870804,3.0
2,180,1.5811748825996403,2.5106479110262874,1.4929286952715566,0.28897578461795526,5.0
2,110,,-1.6594290060819583,,,3.0
2,197,-1.3566971862888009,,5.804805951846323,0.12460004164817695,2.0
2,217,0.7030837542118196,4.742456297435245,8.799298427968253,0.2852646214132153,5.0
2,312,1.9745241681246402,2.168457063089009,6.951219355657309,0.02637203370592678,3.0
2,135,-1.9454880274314346,2.13888934533513,4.394497710271827,0.7658617042579481,
2,45,,2.0997190358328184,,0.022019125166086395,
2,441,-0.2598943789717585,0.8937946227708196,5.870137672544725,,
2,181,1.995119151947904,,10.64293776359558,0.23388526310476188,4.0
2,328,-1.0214665486098586,5.955695898403417,7.546673337410086,0.3161925600892881,3.0
2,466,-0.286454665426652,6.559460609598265,4.336499331886946,0.010772926240168346,3.0
2,477,-1.2763863588929039,4.959040242305406,0.8974241645760808,,1.0
2,455,1.0282198200513486,1.5354403014041458,2.8048356315164655,1.0375611963222529,
2,132,-0.5924937281459068,4.802481020060386,1.0734478463555641,0.011286271489495014,1.0
2,219,1.8454255288622416,4.23065664627576,1.3000351045997833,,7.0
2,348,-0.33362040951884175,1.8324147313360686,2.7592738248222233,0.12393979679519229,2.0
2,383,-0.9624764998725248,5.394970322971318,,0.45493301232770533,3.0
2,49,-0.1786958595996908,3.623862280120331,1.9043609507114576,,4.0
2,285,-0.9675044114188993,4.114191399958424,11.093685575427392,0.18054864833917916,3.0
2,366,0.188701853839067,2.448735076052805,3.441238452071156,0.48613573658699294,3.0
2,232,1.1333617190215848,5.667645625881206,0.6130231324832781,0.035993364972236375,4.0
2,475,1.0456042487185817,4.208726294239966,1.432782391369232,0.2499711947122396,5.0
2,220,0.1744820053387124,-2.1162357181514864,3.7164325523125448,0.037306903935561575,5.0
2,167,0.8745050426558909,5.816594006547133,3.702133287554604,0.17597619933202457,2.0
2,86,1.348708786151617,3.3729740491741285,3.1004354323078545,0.014752483625296131,4.0
2,11,1.3687785713408256,1.414287517605029,5.519704971472002,0.18667566937446112,3.0
2,491,0.8398878485326358,2.4069829728200194,1.4823125567268778,0.09497100924159407,0.0
2,96,0.1940977650150355,2.4684280296831203,0.4856816546178899,0.4907295582020712,6.0
2,182,-1.359339509010434,3.337292287185945,3.846099377842301,0.09105311865103971,6.0
2,415,-1.1018602746695922,-0.36845575606322356,7.0570256193283365,0.6749833688911049,3.0
2,121,-0.4643620152579824,1.740975812241547,,0.05276131585430255,6.0
2,57,1.6277292233982488,0.28719293871809715,1.2798329006480087,0.16470762621542656,2.0
2,141,1.0938360782351473,1.9092958105977447,4.21555465692286,0.0012812414164555808,1.0
2,51,1.0493633375013247,2.8265745647670455,2.4352545689611462,,2.0
2,146,0.811127723972719,1.9200852504284984,2.6481933935096618,0.255302352540524,4.0
2,323,0.5482177703308686,3.196327684629421,2.874134652821203,,3.0
2,150,-0.061008929141946666,2.890405533935141,9.7841198264958,0.4600556120539665,1.0
2,52,-0.30144400046666053,4.170368691093319,1.4778023432942236,0.015934481396973954,0.0
2,214,-1.040787599721865,1.38279542309489,1.6419784416802603,0.6216508964586462,2.0
2,154,-0.5252055356577969,3.802220456150617,7.623724709162782,0.4577732073516938,3.0
2,346,0.4481120110144232,-1.605442862408518,6.122526433611872,0.10243000419083126,0.0
2,247,-0.14471081018257248,,0.45703437851942,,5.0
2,94,-0.2697372144677215,0.730154324401108,2.1769588374418727,0.44441070253564474,
2,345,1.726944537676263,4.851807890314588,4.2501833636407165,1.29314157940246,3.0
2,425,1.3960503062954221,5.308507163516142,4.535531861225158,0.16694239308040526,2.0
2,353,-1.278565322549308,4.830240279296792,2.2484387399480865,0.07821199720619676,1.0
2,192,0.4373969861462692,5.3987373466168815,1.3630007059875076,0.23476708654176592,5.0
2,443,-0.6839487542045379,,2.878127363394706,1.548582699310428,2.0
2,124,-0.5851971183584541,4.022848629093685,1.548453508091492,0.012224548844506078,
2,352,0.47269279970265865,1.524674126700731,14.187470238809818,,
2,215,,5.208500654924416,0.7054567955951007,0.22515920825191627,3.0
2,437,-1.7994126101688583,1.0507509677584255,7.119661048001156,,1.0
2,386,1.7448805003196162,3.7736379037535883,4.744836479036809,0.2919384219109924,0.0
2,435,1.034947337664569,2.045009181143862,6.731576784274117,0.159809776637865,3.0
2,145,-0.28448370074817575,1.741921803612164,6.253113618714885,0.06097400803711883,3.0
2,274,-1.6173513806036928,0.6019941316165842,5.610569438494519,0.26242775492952863,4.0
2,209,1.4345229705962623,2.788457752817441,2.5693144969103616,0.3848142379423509,1.0
2,191,0.5322442304121076,6.044597939317275,1.2386846889985235,2.20579925776792,4.0
2,245,,5.599916777957713,2.829369738447037,0.11852937466513769,2.0
2,120,-0.1540907741078752,,3.6216458956814344,,5.0
2,198,0.276349001163108,2.015279773529043,1.9109069877398814,0.06806020129216361,2.0
2,84,0.7291773484426187,6.325110005628709,9.759178854312042,0.3226488182040288,2.0
2,485,-1.4062821817226174,7.15795119956259,1.6290609321630587,0.9559448448015833,1.0
2,471,-1.1927441718844705,4.730549131214903,1.681223617905943,0.12142872009600647,
2,399,-1.1020702678380334,2.1383356608317348,0.08352530241249641,0.1825745959187357,4.0
2,495,-0.672901181308672,2.6848935909168476,6.855063159203196,0.5951538220860668,
2,242,-0.8197408962452295,2.9476813078413917,2.7213307053070497,0.06098283669834337,4.0
2,185,0.3230906120321295,1.656663767074191,,1.95124048652178,2.0
2,341,1.9846635248323619,0.32824122456578264,0.9748095103224865,1.0779073273116158,1.0
2,1,-1.8851407989944176,0.6755667356618202,3.1633481250305704,0.010527449983623649,4.0
2,17,0.2875395472435618,2.1629706747180877,1.3403029637670847,,2.0
2,236,,5.107067719382718,2.4671049320602747,,5.0
2,162,-1.7364456236318588,4.989168825814702,5.082789395739215,0.22041450498442106,1.0
2,389,0.8318442982130101,,8.438468720408526,0.22230185077566156,2.0
2,81,0.1373549855371654,3.503706764500733,,0.5650264349870806,4.0
2,420,1.2336945010500062,0.3862713586732438,,0.27134826469208595,3.0
2,244,-0.8113496354579173,4.2105974861012525,2.4756330072545145,1.2562407940891767,3.0
2,262,0.2122947298506248,0.8607553472749072,2.113616663781814,0.3449678296691594,2.0
2,370,0.34496525953143964,5.170690845192702,3.0964231389347723,0.22013544657277095,5.0
2,224,-1.2987339625778085,2.3487884167104562,,0.6824349177154021,4.0
2,176,,3.2180225336187678,3.159882460175506,0.14553997352470383,3.0
2,320,-1.7007845066270084,,3.0595531239791613,0.10162957794018634,
2,105,,0.9131074639013255,16.864047123216423,0.0430916759448563,3.0
2,250,-0.8954801657693747,,6.580288607267913,0.08159942226584738,3.0
2,264,-0.26112659860680365,-1.63333666848298,5.867635852202379,0.18008251757509108,3.0
2,240,1.204208165413327,4.7681629357594995,3.919231364024449,0.3770711479619355,3.0
2,58,,7.519702345624998,,0.2672950957039242,1.0
2,403,-0.48961226636536415,3.8289222054247842,2.865756786487443,0.06249762455898167,
3,64,-1.8473589486865953,-0.07421262862072053,3.5779584761672165,0.7905581523140135,1.0
3,313,0.26266480207174725,2.7544603002557766,0.6888704127394168,0.9316753916171299,2.0
3,405,-1.5111024858298663,3.852806418874436,2.4318398356869,0.011088845829434923,1.0
3,355,1.7034917018432894,4.749836079341279,3.3259635572376527,0.14369517297472179,3.0
3,455,1.7905957958574623,2.8899188469175296,2.196430580330293,,4.0
3,109,-1.5629358807230855,3.925328731551594,2.9725682309340455,0.1595569659951721,4.0
3,379,-1.6092161487715004,5.590472799010001,2.1547502579490048,,3.0
3,390,-0.13423682537561188,1.7054120536625152,3.4218685947866443,0.07084715007517106,2.0
3,107,0.03115458974993146,2.442096435478027,1.339512682731255,0.061948940347976045,4.0
3,225,0.8420550095961108,4.619891920323572,3.8598730677267796,0.5555534201898784,3.0
3,430,0.6080945908152504,1.2120892755495014,1.920254877456664,0.05050294483606299,4.0
3,382,1.2014493284679002,1.3742233748160193,3.479795658904383,0.1276984684306064,5.0
3,429,0.03199586889524619,4.8484816555100645,3.135750159454104,1.2875965635305193,4.0
3,283,1.8125548156419762,3.0563705506121575,6.192729567254967,0.0970800999735757,0.0
3,397,-0.04799328385526769,3.1706329159198265,1.5427665229148575,0.06032730474778547,4.0
3,145,-0.28636586921167906,-0.4518882784977727,0.3117408929601627,0.2870816001236196,5.0
3,418,-1.2189308647106025,0.8719952228996051,3.1997252768271447,0.350474883817542,5.0
3,166,-1.0560232261466096,,3.3783235636465556,0.17136024761620927,2.0
3,99,0.8394091432893425,4.465614784957875,1.7501072591359206,,4.0
3,14,-1.104091907389099,2.7998832450588327,2.379930785796583,0.018012213590443027,5.0
3,365,0.707484805688809,-0.5328976074376524,1.627969949646907,0.003955507761909338,0.0
3,327,-1.0693487695457846,0.873717067442541,4.509846688726517,0.005055261531241584,2.0
3,453,-0.568792547203993,1.0469741043885308,5.089240634073086,0.06751722457622455,3.0
3,213,1.3906925442464875,2.228201424811289,3.756633856029664,0.23448469290127694,5.0
3,200,0.8394251690860788,,2.316089332500879,0.240046664428194,3.0
3,495,-1.5298335893040287,3.033633770911852,7.681057436934493,1.1511898236064528,4.0
3,244,-0.353316472571898,4.02158349561697,,0.8235557902734936,2.0
3,1,-1.5054776896858426,3.571541369492908,2.66594484446526,0.14196060981519243,1.0
3,147,-0.4908038079835162,1.5806660371381345,2.618520396919107,0.08803987694334148,3.0
3,303,-1.0573381761898086,3.545884812829562,2.1702813924445876,0.05031839057666754,6.0
3,443,0.6989689107870798,0.6984218316662267,2.1747179855074705,0.3242149106780905,3.0
3,179,-1.221968340120564,3.3057086918067036,,0.9031679977725111,1.0
3,472,-0.9023736687251502,3.22319696367234,4.3764573631938335,0.7060855204887975,7.0
3,344,1.0802711606345867,3.014757868831341,2.148483011060951,0.27159628968421123,3.0
3,370,0.27790970213040866,2.9356659534141434,0.3182877009341216,0.017243448295541475,0.0
3,240,,4.61680603389576,6.4591278814409065,0.06950604736019894,5.0
3,259,,5.457474244394517,1.1402667567216527,0.2596483218811412,
3,417,0.1642075134347838,4.277810263627655,3.577907355389567,0.34001426558511083,1.0
3,373,1.3603145679094801,5.574229868808385,6.943282741225211,0.5698831956482444,
3,146,1.8086340153885683,4.132403820038105,1.7665304805814068,0.17260075124005847,2.0
3,266,,4.3523499969056765,0.2861742017389476,0.09368122610553375,6.0
3,305,,0.9868417920603769,2.8411592763489164,0.20396102637416846,3.0
3,329,-0.420438016001937,2.1466572481001194,5.431337829128291,0.3614659478690605,5.0
3,73,1.4339558285590304,0.42103753035200997,3.8476068921638857,0.04562563945879372,3.0
3,4,1.181049619872582,1.9026769788040947,2.8925553463550693,0.009352139979135865,4.0
3,286,,2.466780581391227,6.126690183603797,,4.0
3,447,-0.32580618019304364,4.991124764416194,7.770532444891835,0.30958681830139323,2.0
3,445,-0.5196135663718393,2.0261157777611887,,0.4570423067619682,6.0
3,402,0.23712730215399125,,1.2121224580022085,0.45412428652240355,8.0
3,16,1.4614299250716312,3.9528391901287985,1.8015439699836497,0.27263436446099143,
3,391,0.1118110108531094,,6.321545406451152,0.269490506813411,3.0
3,326,-1.4275376144293177,2.035616191814632,9.042918912662557,0.309512358527696,2.0
3,40,-1.1021915204668402,3.6564174038776343,1.4150946055329692,0.03681983969931957,1.0
3,337,,5.050275614017477,1.5902381319766379,1.5396654511042631,
3,491,-0.06907328923804013,2.4352288421318007,1.0172642917873218,0.04114269619384481,3.0
3,89,1.4022215971182246,1.9577172747957996,1.4805571074327086,0.5355733465555967,5.0
3,271,0.750485811486719,0.21044502067061233,5.684029756238299,0.0038562903442904695,3.0
3,322,0.6037815223100114,3.063605024946928,1.129272076922007,0.25010973448727336,0.0
3,478,-0.118153904686781,6.988316324452537,12.39425604941383,0.8286270940218927,5.0
3,401,-0.8478936934871864,5.71031597939176,2.6235528649495903,0.08593583685082584,2.0
3,483,-0.660726470169335,4.665255146525297,1.6213771023195338,0.09092811275376556,4.0
3,102,-1.842436109082393,0.44108141775304954,7.234383943916804,0.08645878546338004,5.0
3,330,-0.5438573485899458,3.718288452836308,4.2580395220859755,,2.0
3,232,1.962956951009824,4.016407210046309,2.7433740870817025,0.23382933511179105,1.0
3,56,-1.9541637254322217,3.2742564980390703,,0.021240263193621267,4.0
3,420,-1.8454307962568883,,5.929506560583561,0.12989698961106244,4.0
3,128,0.48197170587060345,,5.7323166659615294,0.18781862994466225,4.0
3,428,-1.9899434811392607,2.6013031039003085,1.098966257309991,0.028235067154164017,
3,51,1.576067988632575,5.310399230175328,7.286525062955093,0.06571500928037821,6.0
3,415,0.5939064903927869,2.5331229183601653,3.508920781836133,0.6855268449295651,5.0
3,111,,1.8073331573715428,2.6584861878908868,0.04106634807960097,
3,419,0.8571804131963972,4.000142844989083,6.111752634714982,0.5389960519947814,2.0
3,229,1.94127904781545,5.23146430659745,0.7884329926894488,0.3249326155453316,2.0
3,456,,4.259047525973305,4.957753395903923,0.23373205342375925,1.0
3,204,1.0949810258120292,,3.3754861784372747,0.17429426796180425,2.0
3,222,-0.46518429625022195,1.411845727449025,,0.06689935095337551,4.0
3,3,-0.8663558269485736,,1.5639071475759578,0.05862644039520326,5.0
3,409,-0.31706938037517673,2.9311188154307732,7.6710523271328945,2.925374184526655,
3,216,-1.7605257441897213,2.5098148403392817,3.1319268123388135,0.16499301181840176,4.0
3,24,-0.5206288983810037,4.168539490899597,0.8666689728076021,,5.0
3,422,-1.3977671119505417,4.8399996487647865,1.9970444426995124,0.3245085993849881,4.0
3,31,,2.6773368184858315,0.98350132896201,0.026200883573416878,5.0
3,425,1.5998901096640465,0.6840289077086625,,0.07054001280114464,3.0
3,314,-1.4917566509173437,3.310957731071471,,2.2359959024912364,4.0
3,116,0.7817111999684316,3.7164350786832623,4.170310124407476,0.06319654234227157,3.0
3,92,0.637550941867393,4.842804528834929,2.536327686969359,0.05220670781088721,3.0
3,320,-1.5914948147345767,0.608475943863481,1.432997378270976,0.13195001914583693,2.0
3,47,-1.0153490532100533,5.2909659074906195,2.144108714554477,1.462240892839862,3.0
3,371,-0.6258760522420252,3.2490469563077644,2.2011115880524463,0.005813698180095361,2.0
3,227,1.6502750219605455,,,0.13617108901798725,2.0
3,363,-0.21466784467008093,-0.9019708423576138,,0.4190468414586941,1.0
3,385,-0.8697497166197903,,10.0606751086744,0.08098524737837587,3.0
3,17,,5.497320708981308,0.5369101580163144,0.7964536792654402,3.0
3,468,-0.46246858620656095,1.6680936964874964,7.271773202071816,0.9011088955620998,4.0
3,80,1.0077499495752393,,2.338557697672515,0.39500545667129106,1.0
3,148,,,6.492260308421966,0.5195487092783073,
3,198,-0.8041080797844042,3.45400739941311,1.8755984635817051,,0.0
3,243,-0.6616082821733351,2.9978821796868274,3.8668810189746416,0.19862511414493067,2.0
3,192,0.554024775579177,0.45643604003793303,1.5998603386151262,0.12907469239368607,5.0
3,282,,4.0938355939247035,3.8141337607262105,0.0101427017859963,8.0
4,230,-0.07131752402829061,4.330673094800263,2.5770710812781523,,4.0
4,438,-0.45791584364948257,2.9702046704991996,3.0020323462143836,0.3880272144310075,3.0
4,291,1.5485159825706885,1.5608204278345932,1.432088766246823,0.12430030869974096,1.0
4,456,-1.0941493642997733,4.449524756176508,7.785164478454906,0.10352510186026498,
4,187,-0.31381234428539484,1.5280828357493497,12.379654472032303,0.15743211930763312,3.0
4,303,-1.3019283814807872,2.001728632345362,6.611598356503591,0.19987110053095036,1.0
4,381,0.29737809325424935,1.8059521825792417,1.473107325598647,0.08939916033314077,5.0
4,379,,2.8766519142875593,1.9480176197036445,0.08009930338506055,
4,207,,3.321680445692371,6.000202763163575,0.3115032315280779,6.0
4,219,-1.756533242009017,4.81189286838255,4.351818452716264,0.6467735042193512,1.0
4,183,,,3.5388322607921983,0.15970560689957947,3.0
4,12,-1.092478220292716,-1.689677209976896,1.4350364233228017,0.4195832415620089,2.0
4,141,-1.1731171734573316,1.430116393387199,9.652640663155156,0.2132906682975948,7.0
4,481,-0.9219083424680377,3.329896984671586,2.2164644664829787,0.15287381479005901,0.0
4,401,-1.984710996928209,-2.4573150051335153,1.375451921844313,0.3742803119445208,7.0
4,104,1.3738356972081949,1.4328863527434323,1.2853294310123964,0.11132230119413022,0.0
4,360,-0.7257764837983833,2.955998840339013,1.6280641281356902,1.2981332066009577,1.0
4,175,1.2255857844541782,3.6012262421499495,0.6372467410601378,,3.0
4,139,,3.6207591759169815,3.059281857743884,0.0018388037042780248,0.0
4,347,-0.8653651664881434,5.434376596280229,2.354719900913621,,3.0
4,314,1.8274764654185445,4.706936819471517,3.039294416114277,0.08057487023758636,4.0
4,254,1.9252162904251224,7.155843499729822,4.350848973472836,0.5046258093916105,6.0
4,138,1.168502535564266,2.8424752291394304,5.345562423967859,0.6100957532335487,2.0
4,188,0.5679069644247399,2.5090831663213007,3.083714454742223,0.3176767698019525,3.0
4,278,-0.455508308293858,1.2665629306476376,6.751032760987425,0.1695390088038411,
4,14,,2.2649079097477447,1.5930067731844575,0.16298433204780238,3.0
4,96,0.04465939983466782,1.2751321079511946,3.0726963964357505,,1.0
4,415,-0.6093681126742014,3.6978916852216654,,1.670038723783216,2.0
4,6,-0.302177934596608,2.877768904086679,,0.11748694771807666,4.0
4,169,1.718513080560907,2.4854227389013723,2.466437015420233,,4.0
4,44,1.461446216676007,,2.91047412687315,0.1211583970809964,2.0
4,26,-0.5410561099724811,6.857637917855472,1.855898309000296,,1.0
4,57,0.2625904474425629,3.1920405074139357,0.9189034523271077,0.11964269222419932,4.0
4,24,-1.1131760685010441,2.840276867691878,3.3495097835973775,0.3777284885522878,3.0
4,40,0.9956618727154707,3.721929010252507,,0.20945084892475974,
4,392,1.1600301805720346,3.634264461004949,6.35610725746345,2.8591753134480467,3.0
4,391,-1.2745336760127088,2.3883373872056346,0.9774057323367554,1.9964817132742136,6.0
4,156,-1.8036353471210123,3.667047237932205,,0.0917058468062486,0.0
4,338,-1.384632075328927,0.7529794556672669,0.8297216819211584,0.17519356655220442,4.0
4,343,0.6693600851059398,1.6398354322626068,,0.010030529536864785,1.0
4,171,-1.9713946272060672,3.731639287246816,6.312050488606065,0.5522205960189104,
4,223,-0.26786059485634883,1.0621119205711764,5.713586717882782,0.05836253299096272,3.0
4,354,-1.8551379916294297,0.35956411230250174,6.029633107679,0.09055983174675286,2.0
4,420,-0.7109469211871815,,1.8360087407287733,0.14688434731170097,5.0
4,416,-1.1171435514745762,3.415586230574669,3.8858833799934387,0.6993527645350981,2.0
4,29,-0.23902423678734586,1.7141448680684315,3.1522703277229565,0.17079410580176746,0.0
4,372,,2.066452818716016,0.5446133875667937,0.5521048425065425,4.0
4,128,,2.837238041601263,1.46997289035955,,2.0
4,194,,5.858254005041632,1.6383609451887102,0.4363907753160001,1.0
4,316,,0.0716616989815484,3.2185591434822722,3.0225290229752417,1.0
4,216,-1.3877655641237912,1.5793610818653132,3.7936975234699544,0.5902146271748236,1.0
4,173,0.396137900251492,4.65522045949268,2.793509121328918,,2.0
4,492,1.9988979648475942,6.882135848624151,0.22017232115057916,0.01361264086631242,6.0
4,89,1.844923168650269,4.187669724655351,6.286480769105648,0.27717584496693015,4.0
4,97,0.8105675728246187,0.8662281009708277,3.8822086391458943,0.4412339757936945,3.0
4,375,-0.9527364326264873,0.4771892676856466,4.377661225549359,0.20798021727359983,1.0
4,4,1.61024463633465,3.752873188651999,4.450223931744169,0.18554590140640936,3.0
4,494,,1.711117086928136,0.8096411449299754,0.07800183499661228,6.0
4,112,-1.5976762106502727,7.892294321040604,3.838542279776873,0.02357109357452636,2.0
4,476,1.787708239109262,6.380501932393301,2.1107500183997248,0.33815228261402086,4.0
4,48,1.845978999624207,2.7058605344362827,4.081538556260662,1.2599289896677393,6.0
4,259,0.5446512453854626,3.583661908479223,2.9314944063922903,0.11525762926497163,3.0
4,23,,0.9496815871382833,2.74572498334808,0.13712167077814597,3.0
4,455,-1.7817848734695443,2.099383847563711,2.7338691165750824,0.8485888070058984,1.0
4,472,-1.193054005666904,1.0491384433593713,10.148635871060431,0.09432177169845546,
4,244,-1.5870802648210383,0.32922696562830156,4.247239644352727,0.32118463241672623,4.0
4,35,1.0839052988158384,3.726991579178836,10.196117422298908,0.15844344547223232,1.0
4,352,0.6444519442895551,4.441941799204445,1.8947872139278836,6.42340677019515e-05,
4,197,0.49824046607882044,4.29743713272483,4.85631483563508,0.5256770027701578,2.0
4,117,,,,0.2955050869894502,3.0
4,73,-0.9297558872061593,,1.7472141613290075,0.06224290571694113,4.0
4,176,1.816332095708061,0.45078558873300567,2.936059624693274,0.07669699538053365,3.0
4,92,0.126481705723696,4.877053233794714,1.3164275884166154,0.07209773442931677,1.0
4,95,1.8452127446396789,-1.3804139435219414,6.619092932069526,,1.0
4,215,-0.16520228279642613,2.8058940035810647,1.1675044692386392,,0.0
4,245,1.8556240095128498,-0.6628585327789449,5.414181732493203,0.010428395813542046,2.0
4,374,1.498920554323837,0.3290369260853656,2.331327836571824,0.3320771941225147,3.0
4,163,1.7582229325661616,,5.871731872570817,0.022987343460531884,0.0
4,172,-1.0575630746962874,4.052570580023723,4.680038544105681,0.13303643219797245,1.0
4,376,-1.5360735009726536,2.586971785419601,7.69841178640336,0.018531832260539227,1.0
4,247,0.01975016014959552,3.4696118461633465,2.9339169958208586,,
4,423,-1.2610317212770208,0.6703921270338564,4.951274777684908,0.16818753134541198,5.0
4,262,1.6513256486775303,4.028111512252127,1.460436741822323,0.49279651636738886,2.0
4,65,0.7545199303765329,1.1622876810386236,1.8770887853573857,0.026102448460208594,
4,204,-0.27788924705975626,-0.13168345003966397,0.9195164985036801,0.07011997886399479,6.0
4,449,-1.8679641064011117,3.665018272105201,0.6336330830365,0.12611581554251172,7.0
4,166,,8.188722642916165,8.84060583756918,0.47974775995778707,1.0
4,378,1.4145605939809864,0.7952540335576774,,0.2952389521713017,1.0
4,328,0.37191614771037074,3.7731277186734564,3.71825105021096,0.03519618681908576,1.0
4,85,1.84962499150044,1.9382841635834112,,0.29121461661965165,3.0
4,131,-0.8025399046387687,2.4812874479488203,4.089496524002439,0.21960115297264426,2.0
4,17,1.669934915030808,2.6363215479584206,9.579090065469112,1.5917462177699253,4.0
4,385,-0.7414337336375652,1.6044190332495578,7.937332150420051,0.8133103602002354,3.0
4,159,1.3758991998236816,3.7828513418894367,8.531483939284936,0.200443294901554,4.0
4,469,0.5301382015720422,1.0514508149895945,3.608829840632267,0.45360224777547575,5.0
4,433,-1.5811162608999783,,6.49343855053274,0.2538742686386579,1.0
4,209,-1.9458138324864143,1.238734153575197,5.941680683739339,0.5630065301900464,3.0
4,86,0.13828692924338082,5.630836710502549,6.610067442261608,0.44431180459440145,7.0
4,83,0.6051010987640884,2.7041658887082796,7.042520615178333,0.6373144587895108,4.0
4,154,-1.1514186577459733,2.2030902847881872,,0.6489495198113961,1.0
5,63,1.185525393136893,2.7787246663818324,6.887346157207408,0.06864045303840682,
5,430,0.025826151129257013,3.659392073204816,5.112916781182374,0.5268979483097129,2.0
5,148,-1.8534305369560102,6.071738449808329,5.87857175490846,0.27539677300827736,2.0
5,64,1.60054355621501,4.485863475772186,6.206349116119197,0.10856250070377138,1.0
5,466,-1.5876966504101127,,4.478989014289133,0.02512208848114672,2.0
5,214,0.2340160322009055,5.350858386785028,,0.430845461119155,9.0
5,45,-0.4266170080514162,1.3647871051777969,2.526649903517365,0.01487155022519504,2.0
5,195,0.061781913559336044,1.9242740197053794,,0.032519746997095034,3.0
5,232,-0.645522491414694,2.2004521504823744,11.460510621558427,0.6742625892895582,1.0
5,47,0.1599393816607928,3.5448748974096436,2.491595786649097,0.4924588879762273,5.0
5,284,-1.432630721220395,1.1703369891917776,,0.22124688116125157,6.0
5,24,-0.5917428733656247,1.5595545564861042,,0.08597042290955703,
5,340,,,1.4340118724450868,0.30888337289895373,1.0
5,279,0.3083585264778712,2.1524188456091453,5.0095611476121995,0.26043645190841924,4.0
5,388,0.09660840003745985,3.5311835564536183,5.027215143853165,0.1772197107602005,
5,222,-1.9371541658139098,7.3910563944027805,6.861408355029641,0.24741979861599783,3.0
5,445,-0.8862155362636721,2.267912077750477,1.7068286271375674,0.02825242101282832,5.0
5,94,-0.713898926922881,4.663819896957732,1.251929739888131,0.22737606107431807,3.0
5,320,0.680674312738085,-2.2818678970886,,1.11879023605105,2.0
5,426,-1.9463564699659268,2.630624106900191,1.887098577876563,0.6299324746475328,1.0
5,454,1.851495193379372,0.6509322229583607,1.740652629326098,0.27129011001095416,2.0
5,210,0.7329729079383065,5.276008206264942,2.281448290540578,0.1549423591546506,1.0
5,389,-0.5888051323939938,1.0942512800862114,1.7070032961450996,0.474262242475727,
5,398,1.8696149016541819,2.3379204499404755,4.715492483532185,0.27964716624845565,4.0
5,71,-0.1533164359133643,,0.6497715923242499,0.10793093008535593,3.0
5,351,-0.23884168166202224,0.7185508388244184,,0.06378175739140635,2.0
5,56,-0.16479868050732938,-0.3411717721293748,9.266589244873137,,5.0
5,190,0.6553996942159928,4.965648280325391,1.5748790871367389,0.04584671458262379,6.0
5,319,-1.0807509014994343,,,0.6193984641671506,2.0
5,302,-1.6977877523817422,6.477528108450582,10.51821555021504,0.08633420929027014,4.0
5,285,-0.32392513103186094,0.39732325591337947,4.217010491160901,0.3470878455885007,1.0
5,13,-1.3462496731015445,1.5536100746915829,,0.128395433618961,4.0
5,119,-0.9311534739884966,3.6869250910291647,3.3588614641672,0.00042851452290904035,
5,163,-1.723337348461245,2.2480915373647465,2.898783508482447,,4.0
5,355,-0.7100199746876101,1.6478679612432892,5.64420064021587,0.8779776468661662,3.0
5,287,1.5713543289878626,4.487364731574445,3.795644399577146,0.536491576873606,3.0
5,301,-0.11202004463471926,3.348011958145672,5.243491164643945,0.3995802583476955,3.0
5,152,1.5854651269452567,5.593605203874797,9.131449934426312,0.31293092224522057,3.0
5,196,0.8460886688285587,6.790798678188141,1.6724241518643976,,3.0
5,451,1.5873129090310099,3.748860943776633,1.0930709572030972,,4.0
5,360,0.16115734481721544,,2.299996662177783,1.6085304764087973,5.0
5,33,0.2640547216919886,4.378401782317573,10.276791561332084,,1.0
5,435,1.2820131012392069,4.021087246921875,1.6060181543120486,0.14164173122517187,1.0
5,208,1.567139800760582,3.0642733001454854,0.9070430461031548,0.1252644175142228,2.0
5,88,1.3323397417912637,0.689607512276257,4.475848676049647,0.0044472637084449484,2.0
5,236,-1.4210604085284122,,11.971183399357493,0.04592695158265703,2.0
5,482,-1.868859346198703,4.351202031051055,0.9500261005262306,0.0288103453064128,4.0
5,175,-0.25438137636497693,2.4571841367630327,2.5333893775488874,0.16020948863097284,3.0
5,7,,,5.31197620584823,0.5868843070860719,3.0
5,269,-0.863637077581294,3.373729224455992,1.9171512658721246,0.20978007191556336,4.0
5,263,0.5806330495014937,5.3232439792607655,5.56509037579499,0.09657374768572446,5.0
5,476,1.230382268286737,0.7852659077323207,2.0825871489444734,0.13051494294307697,6.0
5,333,-1.1582860859693729,6.01688006926341,3.3210152194834595,0.35395679157714177,3.0
5,36,-1.8232790598942468,2.6021157107846706,4.947639525376788,0.017894346581089016,
5,127,0.5514192802053257,0.4292337974806646,1.222363818151969,0.07929998926728166,2.0
5,364,-1.3513832518450766,4.538582815150612,0.5906334569157552,1.2599449729486039,2.0
5,29,0.7278403363130832,3.2795076327865504,4.55911215898449,0.07809136722580967,4.0
5,66,-0.14089703813700494,3.5444309197192885,0.5042707802754127,0.4507794637441247,6.0
5,339,,6.932940655078004,2.982318150652289,0.5397649897732615,1.0
5,436,0.6160011106117764,6.431639999332414,4.122102224545207,0.3714180911517211,2.0
5,378,-0.13140736570270972,3.7553167672778978,2.4086410367289464,0.03420074447006494,3.0
5,131,0.0923917002590815,0.4440412019086293,2.672536307785706,0.2664241344392788,3.0
5,223,-1.523447369684677,2.0813791245317863,1.924165369810703,0.014116045046222547,3.0
5,31,-0.15325466801477639,1.8453944380976,2.4324698336674904,0.45390975994066896,0.0
5,133,-1.3848955396053624,5.116662279973724,4.166314879397293,0.1514736725862904,2.0
5,449,-1.8065635427038136,3.62707073917631,4.828810352435836,0.08574463725257142,3.0
5,416,1.0024380787752598,5.040225926430008,5.25402831052593,0.11527854330249476,1.0
5,105,-0.06914246024892323,3.722847328279305,3.4410220420465696,0.36584910096230594,
5,55,0.5002058878922058,3.826683113752646,0.9166953949521178,0.17816888709032952,2.0
5,43,-1.350425212742965,,9.664960644080088,,
5,204,1.2510054764467018,6.122934858404104,2.3166412003366035,0.02569322018096698,5.0
5,254,0.5245291520390452,,11.519939716892631,0.08735590232275436,5.0
5,197,1.1611632700403463,,9.59820438453776,0.021204932588157144,4.0
5,59,-1.3950661772517634,2.184508812495732,5.321862982809552,0.35361066328990853,3.0
5,327,-1.0966578124626407,3.1432240842912518,1.0810326707334665,0.7192942271417322,5.0
5,485,-1.6871762302334448,1.3463077019794405,1.9252230675654374,0.17584805208464216,2.0
5,314,0.2759624626814454,,1.3926086917694738,0.1602405163448677,4.0
5,356,,1.0526792793589552,,0.22502891899409083,2.0
5,123,1.0962218646267394,0.10856706341672062,1.5023216327698796,0.13040416961252133,2.0
5,266,-0.3250799239511002,4.710246195637366,1.9079927450956407,0.24337543772171388,2.0
5,69,-1.6451161639117813,-0.8601187749249215,0.413209302481761,0.5712621304674679,4.0
5,286,-0.5482763659714909,2.440391697635066,2.5541225930831772,0.23673935745705954,4.0
5,138,-0.20478609697054706,5.725900862138842,0.9484538115298402,0.10615056369506237,0.0
5,478,1.9172287566326927,2.4203733908325367,1.7516897341944309,0.008226540614726607,3.0
5,271,1.8734940632337893,2.9324830329457985,1.6125102368898359,0.19786098591234502,1.0
5,50,0.659489389818265,-0.4602833620761677,4.102237514921607,,2.0
5,274,-1.565789841789457,4.566572210672402,4.6704618686940815,0.03253995189988235,3.0
5,65,-1.1627581279737336,3.3333393842887755,3.0391880415079537,0.26649266920262105,2.0
5,212,1.5188982514770215,2.852653656394203,3.128537086845537,0.0171656818693664,7.0
5,116,-0.45025431672759453,,,0.008946630823807755,7.0
5,309,0.37372061368244314,4.763401489728315,8.26404084117115,0.15512691130887668,2.0
5,166,0.005231618482770539,6.256357813082655,,0.05377625954961274,5.0
5,425,0.25448399989076576,4.342414239832961,,0.4219565492993722,2.0
5,86,1.0508743140512338,3.444343343317748,4.7820139415125045,0.3424695888386404,
5,374,0.24232461860212995,,2.9080525978314165,,2.0
5,288,-0.1788556032896893,,4.92693225126382,0.22691212143126038,1.0
5,240,-0.531376676775213,4.953875595765932,6.692387704082709,0.0008181240889513219,1.0
5,460,,5.509824245923164,6.903855393285281,0.11070285968400717,1.0
5,326,-1.0251248081109208,,2.997722768339104,0.0430713876642308,4.0
5,110,,6.814041974310383,4.173870128269387,0.10604515590756458,2.0
