Quarter_ID,Manager_ID,Stock_ID,Market_Value
1,26,21,349000
1,37,75,177000
1,37,419,330000
1,40,201,297000
1,40,236,361000
1,40,331,1010000
1,40,30,701000
1,40,94,460000
1,43,257,467000
1,45,474,254000
1,54,299,718000
1,54,118,702000
1,54,497,1002000
1,62,345,739000
1,62,34,5000
1,62,92,171000
1,84,346,157000
1,84,284,524000
1,84,320,1139000
1,84,211,618000
1,84,229,283000
1,84,3,770000
1,84,384,470000
1,84,83,507000
1,84,142,420000
1,84,412,913000
1,84,464,674000
1,112,317,850000
1,112,11,401000
1,113,130,434000
1,113,290,363000
1,113,494,63000
1,113,263,483000
1,130,212,1600000
1,134,371,420000
1,134,131,251000
1,134,338,727000
1,142,311,10000
1,142,71,882000
1,142,252,735000
1,142,382,590000
1,142,421,1659000
1,148,126,232000
1,150,470,1167000
1,153,195,617000
1,153,4,1320000
1,160,96,599000
1,160,271,566000
1,160,39,1189000
1,160,152,1236000
1,160,318,346000
1,160,319,1372000
1,160,253,1059000
1,165,411,1209000
1,165,214,37000
1,165,471,280000
1,165,12,612000
1,165,176,105000
1,165,332,1358000
1,165,246,277000
1,167,500,239000
1,167,113,782000
1,167,435,343000
1,167,459,790000
1,167,24,210000
1,175,185,123000
1,179,45,316000
1,179,53,214000
1,179,279,666000
1,179,120,231000
1,179,128,7000
1,179,467,439000
1,179,61,667000
1,179,72,2026000
1,179,112,169000
1,187,149,327000
1,187,56,682000
1,187,496,1482000
1,191,76,914000
1,198,28,880000
1,203,38,487000
1,203,141,144000
1,203,436,579000
1,203,173,177000
1,203,206,614000
1,203,278,645000
1,221,64,18000
1,221,49,545000
1,229,134,440000
1,229,288,558000
1,229,361,317000
1,233,418,2111000
1,233,425,188000
1,234,67,362000
1,234,80,879000
1,234,376,404000
1,234,228,214000
1,234,326,845000
1,234,54,863000
1,234,90,594000
2,25,102,2190000
2,25,308,1842000
2,25,114,1897000
2,25,270,1970000
2,97,130,3237000
2,103,67,416000
2,103,423,2450000
2,103,288,4157000
2,103,303,2088000
2,103,42,327000
2,103,40,261000
2,103,228,5922000
2,103,180,1245000
2,103,110,202000
2,103,197,1337000
2,103,217,366000
2,103,312,261000
2,103,135,2676000
2,103,45,350000
2,103,441,290000
2,103,181,2763000
2,103,328,1987000
2,103,466,1172000
2,103,477,5000
2,144,455,2639000
2,144,132,784000
2,144,219,66000
2,144,348,283000
2,144,383,2888000
2,144,49,770000
2,144,285,2132000
2,161,366,470000
2,161,232,242000
2,161,475,487000
2,161,220,215000
2,161,167,2789000
2,161,86,319000
2,161,11,672000
2,161,491,2177000
2,161,96,1126000
2,161,182,208000
2,161,415,763000
2,161,121,623000
2,161,57,567000
2,170,141,304000
2,170,51,472000
2,170,146,1307000
2,170,323,953000
2,170,150,578000
2,170,52,343000
2,170,214,439000
2,170,154,375000
2,170,346,88000
2,170,247,581000
2,170,94,144000
2,170,345,616000
2,170,425,363000
2,170,353,454000
2,170,192,964000
2,170,443,947000
2,170,124,1871000
2,170,352,286000
2,170,215,309000
2,170,437,1169000
2,178,386,684000
2,178,435,297000
2,178,145,904000
2,178,274,727000
2,178,209,325000
2,178,191,565000
2,178,245,527000
2,178,120,204000
2,178,198,358000
2,178,84,270000
2,178,485,408000
2,178,471,1005000
2,178,399,515000
2,178,495,432000
2,178,242,5071000
2,178,185,460000
2,178,341,1129000
2,191,1,980000
2,191,17,383000
2,191,236,1100000
2,191,162,477000
2,191,389,867000
2,191,81,261000
2,191,420,582000
2,191,244,754000
2,191,262,464000
2,191,370,441000
2,191,224,635000
2,191,176,547000
2,191,320,540000
2,191,105,244000
2,191,250,1467000
2,209,264,237000
2,209,240,1451000
2,209,58,1999000
2,209,403,278000
3,6,64,213000
3,6,313,104000
3,6,405,1157000
3,6,355,204000
3,6,455,234000
3,6,109,228000
3,6,379,439000
3,6,390,276000
3,6,107,31000
3,12,225,21000
3,12,430,294000
3,12,382,253000
3,12,429,336000
3,12,283,176000
3,12,397,259000
3,12,145,153000
3,12,418,243000
3,12,166,234000
3,12,99,940000
3,18,14,263000
3,18,365,867000
3,18,327,381000
3,18,453,1495000
3,57,213,1308000
3,57,200,244000
3,57,495,224000
3,57,244,207000
3,57,1,105000
3,57,147,122000
3,73,303,278000
3,73,443,316000
3,73,179,1155000
3,73,472,296000
3,73,344,207000
3,73,370,2677000
3,84,240,329000
3,84,259,1527000
3,84,417,18383000
3,106,373,210000
3,106,146,174000
3,106,266,90000
3,106,305,251000
3,106,329,169000
3,106,73,486000
3,113,4,102000
3,113,286,168000
3,113,447,206000
3,113,445,156000
3,113,402,522000
3,113,16,301000
3,113,391,199000
3,113,326,1145000
3,113,40,1589000
3,113,337,2239000
3,113,491,743000
3,113,89,48000
3,113,271,11000
3,113,322,355000
3,113,478,1552000
3,113,401,1640000
3,113,483,289000
3,113,102,12803000
3,113,330,1032000
3,113,232,326000
3,113,56,4272000
3,113,420,4155000
3,119,128,1563000
3,119,428,921000
3,132,51,2497000
3,132,415,2719000
3,132,111,437000
3,132,419,1997000
3,132,229,1378000
3,132,456,405000
3,134,204,1482000
3,134,222,1957000
3,153,3,5008000
3,153,409,678000
3,153,216,1316000
3,161,24,289000
3,161,422,2991000
3,161,31,2224000
3,161,425,10451000
3,164,314,821000
3,164,116,3144000
3,164,92,1253000
3,167,320,3827000
3,178,47,5098000
3,178,371,8421000
3,193,227,3689000
3,219,363,1149000
3,219,385,2705000
3,219,17,2911000
3,219,468,988000
3,219,80,1997000
3,219,148,215000
3,219,198,344000
3,221,243,4284000
3,221,192,7011000
3,221,282,1073000
4,17,230,638000
4,18,438,1777000
4,18,291,806000
4,18,456,1034000
4,18,187,1135000
4,18,303,1560000
4,36,381,1315000
4,36,379,638000
4,36,207,2018000
4,49,219,1028000
4,49,183,1222000
4,49,12,758000
4,49,141,1034000
4,55,481,2601000
4,55,401,2013000
4,55,104,799000
4,57,360,901000
4,66,175,1480000
4,66,139,379000
4,75,347,508000
4,75,314,1314000
4,75,254,1019000
4,75,138,643000
4,75,188,782000
4,75,278,795000
4,75,14,291000
4,83,96,687000
4,84,415,958000
4,89,6,594000
4,89,169,1580000
4,92,44,988000
4,96,26,622000
4,96,57,1598000
4,96,24,1041000
4,96,40,1345000
4,96,392,253000
4,96,391,1541000
4,103,156,1680000
4,103,338,458000
4,103,343,917000
4,103,171,1351000
4,103,223,1588000
4,103,354,932000
4,103,420,430000
4,103,416,1557000
4,103,29,836000
4,104,372,995000
4,104,128,1488000
4,104,194,1916000
4,104,316,755000
4,106,216,223000
4,124,173,1233000
4,124,492,1129000
4,132,89,1041000
4,132,97,518000
4,132,375,665000
4,133,4,1430000
4,144,494,1563000
4,147,112,1367000
4,147,476,1494000
4,147,48,1462000
4,148,259,1161000
4,148,23,1443000
4,153,455,1109000
4,153,472,1593000
4,155,244,1175000
4,161,35,418000
4,161,352,1789000
4,161,197,1558000
4,161,117,504000
4,162,73,879000
4,162,176,956000
4,162,92,507000
4,164,95,446000
4,164,215,1014000
4,164,245,1695000
4,164,374,1143000
4,170,163,532000
4,198,172,1465000
4,203,376,274000
4,203,247,1610000
4,203,423,462000
4,203,262,692000
4,203,65,184000
4,204,204,749000
4,208,449,579000
4,208,166,941000
4,208,378,511000
4,234,328,198000
4,234,85,283000
4,234,131,347000
4,234,17,702000
4,234,385,383000
4,234,159,286000
4,234,469,501000
4,234,433,434000
4,234,209,318000
4,234,86,681000
4,234,83,403000
4,234,154,570000
5,17,63,282000
5,17,430,450000
5,17,148,333000
5,17,64,416000
5,34,466,328000
5,34,214,402000
5,34,45,840000
5,34,195,802000
5,34,232,248000
5,34,47,852000
5,34,284,326000
5,34,24,251000
5,34,340,527000
5,34,279,419000
5,34,388,190000
5,34,222,391000
5,34,445,1088000
5,34,94,240000
5,34,320,5174000
5,34,426,333000
5,34,454,242000
5,34,210,906000
5,34,389,900000
5,57,398,862000
5,57,71,312000
5,57,351,437000
5,57,56,776000
5,57,190,237000
5,57,319,147000
5,57,302,775000
5,57,285,389000
5,57,13,821000
5,57,119,594000
5,57,163,920000
5,57,355,1109000
5,57,287,201000
5,57,301,327000
5,57,152,1550000
5,83,196,1023000
5,103,451,480000
5,128,360,10717000
5,128,33,1217000
5,128,435,317000
5,128,208,272000
5,128,88,1974000
5,128,236,441000
5,128,482,933000
5,128,175,2227000
5,128,7,1758000
5,128,269,684000
5,139,263,276000
5,139,476,1057000
5,139,333,905000
5,139,36,118000
5,139,127,910000
5,139,364,1736000
5,139,29,1463000
5,144,66,492000
5,144,339,1335000
5,144,436,397000
5,144,378,361000
5,144,131,564000
5,144,223,83000
5,144,31,51000
5,144,133,245000
5,144,449,743000
5,144,416,242000
5,144,105,1301000
5,144,55,376000
5,144,43,448000
5,144,204,292000
5,155,254,446000
5,155,197,392000
5,155,59,25000
5,162,327,196000
5,175,485,315000
5,175,314,247000
5,175,356,410000
5,176,123,152000
5,176,266,207000
5,176,69,267000
5,176,286,725000
5,191,138,1223000
5,191,478,208000
5,191,271,910000
5,191,50,347000
5,193,274,1208000
5,193,65,490000
5,193,212,204000
5,193,116,491000
5,193,309,271000
5,197,166,714000
5,199,425,227000
5,199,86,900000
5,199,374,86000
5,208,288,2184000
5,208,240,317000
5,229,460,1526000
5,229,326,23677000
5,229,110,301000
